1.0 0.0 0.0
0.0 1.0 0.0
0.0 0.0 1.0
0.999483750998 -0.0199266337063 -0.0252023959121
0.0226253382145 0.993475798185 0.111776260855
0.0228106457878 -0.112288769203 0.993413764123
0.99929440327 -0.0230071861253 -0.0296877917719
0.026713802374 0.990996490684 0.131195762947
0.0264020521251 -0.131896265448 0.990911856224
0.99355142806 -0.0556244270915 -0.0988002171626
0.0915999161368 0.907330587243 0.410317755912
0.0668207689599 -0.416721883951 0.906574793534
0.701080667301 -0.105757129951 -0.705195949649
0.0828002952484 -0.970177958932 0.227813167112
-0.708258433796 -0.218105840058 -0.671416289264
0.698078695329 -0.104835456828 -0.708304780528
0.0807222143422 -0.971394259609 0.223331852879
-0.711456294679 -0.213079138797 -0.669647087181
0.701080667301 -0.105757129951 -0.705195949649
0.0828002952484 -0.970177958932 0.227813167112
-0.708258433796 -0.218105840058 -0.671416289264
0.533585075397 -0.0680651263926 -0.843003028395
0.0124314104117 -0.996017391618 0.0882882530721
-0.845655028572 -0.0575890107964 -0.530613869482
0.99355142806 -0.0556244270915 -0.0988002171626
0.0915999161368 0.907330587243 0.410317755912
0.0668207689599 -0.416721883951 0.906574793534
0.378454975704 -0.0567166787831 -0.92388043042
0.00227118555133 -0.998061061377 0.0622009604322
-0.925616914863 -0.0256385668539 -0.377592360633
-0.968516549197 -0.0321108046119 -0.246869581273
0.0377740006245 -0.999119878018 -0.018237166054
-0.246066695852 -0.026988248851 0.968877090046
-0.961121114023 -0.0350805639396 -0.27388968256
0.0418898583524 -0.998940591492 -0.0190508382246
-0.272931207352 -0.029783362864 0.961572413992
0.441069455908 0.0227265936341 -0.897185174313
-0.0737563596656 -0.995379820295 -0.0614736753278
-0.894437104818 0.0932872729328 -0.437355404945
0.405064060081 -0.11173397428 -0.907435191197
0.0962739766207 -0.981774100357 0.163862556104
-0.909205383099 -0.153737226653 -0.386924329146
-0.982245787168 -0.0249051117738 -0.185938024616
0.0282007833696 -0.999488216201 -0.0151003804859
-0.185466787884 -0.0200758830693 0.98244543335
0.405064060081 -0.11173397428 -0.907435191197
0.0962739766207 -0.981774100357 0.163862556104
-0.909205383099 -0.153737226653 -0.386924329146
-0.990088513406 -0.0189635536097 -0.139158611867
0.0208063110871 -0.999713897116 -0.0117992088971
-0.138895043257 -0.0145776385654 0.990199807823
-0.993817991602 -0.0151478446753 -0.109983373155
0.0162988546304 -0.999821329061 -0.00957378145661
-0.109818700169 -0.0113071992701 0.993887317727
-0.990088513406 -0.0189635536097 -0.139158611867
0.0208063110871 -0.999713897116 -0.0117992088971
-0.138895043257 -0.0145776385654 0.990199807823
-0.996807127881 -0.0110150179699 -0.0790836214778
0.011610772675 -0.999907546361 -0.00707733612501
-0.0789983529252 -0.00797296104718 0.996842862305
-0.994142733846 -0.0147612056615 -0.10706227883
0.015851950788 -0.999830687859 -0.0093440499659
-0.106906222444 -0.0109864653536 0.994208407318
-0.998571777335 -0.00743984086201 -0.0529060892291
0.00770705220868 -0.999958546094 -0.00484844701518
-0.0528678243914 -0.00524927234517 0.998587721877
-0.998637570724 -0.00726981951846 -0.0516735141431
0.00752476178727 -0.999960450235 -0.00474087812093
-0.05163700514 -0.00512324989448 0.998652778503
-0.999444368586 -0.00467540486393 -0.0330014346924
0.00477968119713 -0.999983829159 -0.00308156897672
-0.0329864934494 -0.00323759309713 0.999450553675
-0.999881585523 -0.00217330409859 -0.0152345555133
0.00219562340339 -0.999996540577 -0.00144847215781
-0.0152313548405 -0.00148174998441 0.999882898267
-0.999971506186 -0.0010695170077 -0.00747281399439
0.00107490425836 -0.999999165292 -0.000716934102395
-0.00747204098408 -0.000724946233846 0.999971821131
-0.999881585523 -0.00217330409859 -0.0152345555133
0.00219562340339 -0.999996540577 -0.00144847215781
-0.0152313548405 -0.00148174998441 0.999882898267
0.405064060081 -0.11173397428 -0.907435191197
0.0962739766207 -0.981774100357 0.163862556104
-0.909205383099 -0.153737226653 -0.386924329146
