1.0 0.0 0.0
0.0 1.0 0.0
0.0 0.0 1.0
0.999999994517 -0.000101985668667 2.37532294246e-05
0.000101978515253 0.999999949511 0.000300962154247
-2.37839220518e-05 -0.000300959730277 0.999999954429
1.0 0.0 0.0
0.0 1.0 0.0
0.0 0.0 1.0
0.999988360182 -0.00470578990697 0.00106538315688
0.00469053881008 0.999892505737 0.0138915735566
-0.00113063946094 -0.0138864146402 0.999902939861
0.999981556686 -0.00592577926632 0.00133095004697
0.00590159869745 0.999829603086 0.017491024147
-0.00143437120542 -0.0174828468215 0.999846134486
0.999988360182 -0.00470578990697 0.00106538315688
0.00469053881008 0.999892505737 0.0138915735566
-0.00113063946094 -0.0138864146402 0.999902939861
0.99994422452 -0.0103190435307 0.00225059749571
0.0102457790486 0.999484034879 0.0304415511167
-0.00256356395701 -0.0304167940999 0.999534014817
0.999836037239 -0.0177317402262 0.00367206029398
0.0175158227274 0.998480647015 0.0522455116802
-0.00459288497931 -0.0521726262047 0.99862751939
0.99994422452 -0.0103190435307 0.00225059749571
0.0102457790486 0.999484034879 0.0304415511167
-0.00256356395701 -0.0304167940999 0.999534014817
1.0 0.0 0.0
0.0 1.0 0.0
0.0 0.0 1.0
0.999158964908 -0.0404004728743 0.00701174986608
0.0392865001973 0.992176044147 0.118504296643
-0.0117445198667 -0.118129163259 0.992928782462
0.999098618554 -0.0418389863034 0.0071728396907
0.040644702763 0.99161285137 0.122686434192
-0.0122457560579 -0.12228430898 0.992419563106
1.0 0.0 0.0
0.0 1.0 0.0
0.0 0.0 1.0
0.99816436725 -0.0599371799655 0.0086850682617
0.0574959431565 0.982876625889 0.175065001646
-0.019029253098 -0.174244290405 0.984518570057
1.0 0.0 0.0
0.0 1.0 0.0
0.0 0.0 1.0
0.997715334419 -0.0669539500604 0.00901554418466
0.0639114278039 0.978668425434 0.195252253394
-0.0218961380545 -0.19422997099 0.980711617912
1.0 0.0 0.0
0.0 1.0 0.0
0.0 0.0 1.0
0.99431459403 -0.106164430635 0.00822202941388
0.0985399492033 0.946664470114 0.306783733979
-0.0403530235644 -0.304229345546 0.951743735886
0.99069295609 -0.136039592344 0.00454929311945
0.123495565008 0.912392551642 0.390241818789
-0.0572390791012 -0.386048003522 0.920701160421
0.99431459403 -0.106164430635 0.00822202941388
0.0985399492033 0.946664470114 0.306783733979
-0.0403530235644 -0.304229345546 0.951743735886
1.0 0.0 0.0
0.0 1.0 0.0
0.0 0.0 1.0
0.850093518977 -0.369168890629 -0.375573347277
0.143002678719 -0.524549149827 0.83928447102
-0.5068443971 -0.767178284108 -0.393123692393
0.848188493188 -0.366141933871 -0.382774560655
0.136373771792 -0.5473264192 0.825733604265
-0.511838328372 -0.752578152159 -0.41430381425
0.846828203706 -0.363782573396 -0.388000299873
0.131397154201 -0.563801527203 0.815391087633
-0.515380229807 -0.741478305291 -0.429643039636
0.850093518977 -0.369168890629 -0.375573347277
0.143002678719 -0.524549149827 0.83928447102
-0.5068443971 -0.767178284108 -0.393123692393
0.843351894875 -0.356892773302 -0.401727681116
0.117610110714 -0.606876511834 0.786046284415
-0.524333332211 -0.710160860474 -0.469836257629
0.841123406794 -0.351704871628 -0.410871145027
0.107800926433 -0.635419749535 0.76460493208
-0.529990919548 -0.687419395401 -0.496552313481
0.836941719414 -0.339762194338 -0.429057350017
0.0865526317231 -0.69192863499 0.7167589595
-0.540404663421 -0.637021518773 -0.5496966294
1.0 0.0 0.0
0.0 1.0 0.0
0.0 0.0 1.0
0.829127997332 -0.294311306262 -0.475318439625
0.0149376076445 -0.838245738736 0.545088019836
-0.558859223704 -0.459047858614 -0.690616703811
0.826038367529 -0.286055256693 -0.485626405263
0.00281042071801 -0.85952834245 0.511080355777
-0.563606881528 -0.423536797273 -0.709199453222
0.822539160944 -0.282750067174 -0.493438677271
-0.00187549028439 -0.868991754276 0.494823012336
-0.568705381766 -0.406085865938 -0.715310043433
0.829127997332 -0.294311306262 -0.475318439625
0.0149376076445 -0.838245738736 0.545088019836
-0.558859223704 -0.459047858614 -0.690616703811
0.779277510538 -0.27097629696 -0.565064959147
-0.0148974262333 -0.909437074861 0.415574630553
-0.626501898051 -0.315429949994 -0.712740709084
0.829127997332 -0.294311306262 -0.475318439625
0.0149376076445 -0.838245738736 0.545088019836
-0.558859223704 -0.459047858614 -0.690616703811
0.718753571773 -0.265575251161 -0.642544231189
-0.0143969689064 -0.929658745306 0.36814038703
-0.695115839518 -0.255351528775 -0.672019022352
0.679853751653 -0.263035464682 -0.684551839296
-0.0119881499169 -0.937322964768 0.348255572791
-0.733249725963 -0.22855634762 -0.640395842692
0.829127997332 -0.294311306262 -0.475318439625
0.0149376076445 -0.838245738736 0.545088019836
-0.558859223704 -0.459047858614 -0.690616703811
0.553882508047 -0.25523611673 -0.792507849801
-0.00153843238344 -0.952165060159 0.305580319128
-0.832593418486 -0.168036373828 -0.527780235103
0.515561321286 -0.252743737948 -0.818728970369
0.00186371489413 -0.955174238919 0.296038341895
-0.85685065826 -0.154151796075 -0.491979850407
0.553882508047 -0.25523611673 -0.792507849801
-0.00153843238344 -0.952165060159 0.305580319128
-0.832593418486 -0.168036373828 -0.527780235103
0.829127997332 -0.294311306262 -0.475318439625
0.0149376076445 -0.838245738736 0.545088019836
-0.558859223704 -0.459047858614 -0.690616703811
-0.907404944258 -0.060736568477 -0.415845327479
0.0452587476176 -0.997869682238 0.046986626123
-0.417813251227 0.0238152581337 0.908220744412
-0.918978708144 -0.0565870943462 -0.390225620291
0.0430450645681 -0.998131362351 0.0433694121106
-0.39195057902 0.0230582792928 0.919697265062
-0.907404944258 -0.060736568477 -0.415845327479
0.0452587476176 -0.997869682238 0.046986626123
-0.417813251227 0.0238152581337 0.908220744412
-0.966445391466 -0.0355424306615 -0.254401338315
0.0299364103038 -0.999216835621 0.0258752149822
-0.255121768283 0.0173911194271 0.966752518649
0.829127997332 -0.294311306262 -0.475318439625
0.0149376076445 -0.838245738736 0.545088019836
-0.558859223704 -0.459047858614 -0.690616703811
-0.980935594644 -0.0264362228382 -0.192526583313
0.0232515697241 -0.999553192451 0.0187824377197
-0.192937097691 0.0139478164378 0.981111988894
0.829127997332 -0.294311306262 -0.475318439625
0.0149376076445 -0.838245738736 0.545088019836
-0.558859223704 -0.459047858614 -0.690616703811
-0.983473537024 -0.024538083485 -0.179381393776
0.0217774540596 -0.999612405209 0.0173430633737
-0.179737432019 0.0131499738168 0.983626724789
-0.99388003791 -0.0146594684202 -0.109487762921
0.0136372385725 -0.999856204422 0.0100794941328
-0.109619779091 0.00852469726706 0.993937037024
-0.995412889182 -0.0126349097324 -0.0948342717923
0.0118687092284 -0.9998922441 0.0086390930931
-0.0949332070014 0.00747390421893 0.99545558764
-0.997694060199 -0.00887655303648 -0.0672886992755
0.00849136741236 -0.999945897464 0.00600822971057
-0.0673383911559 0.0054230020263 0.997715456493
-0.995627909752 -0.0123264826008 -0.092591161292
0.0115961961464 -0.999897301315 0.00842110786912
-0.0926854549411 0.00731058475777 0.995668600385
-0.997055751396 -0.0100600452126 -0.0760172618472
0.00956824390443 -0.999930890377 0.00683104519069
-0.0760807289464 0.00608358119312 0.997083102215
-0.999231817226 -0.00506404551973 -0.0388604025359
0.00493571000518 -0.999982047028 0.00339770354033
-0.0388769110016 0.0032032898054 0.999238872705
-0.999938747239 -0.00140740235122 -0.0109782051426
0.00139716578168 -0.999998582108 0.000940058426923
-0.0109795126171 0.00092466247318 0.999939295809
-0.999231817226 -0.00506404551973 -0.0388604025359
0.00493571000518 -0.999982047028 0.00339770354033
-0.0388769110016 0.0032032898054 0.999238872705
0.829127997332 -0.294311306262 -0.475318439625
0.0149376076445 -0.838245738736 0.545088019836
-0.558859223704 -0.459047858614 -0.690616703811
