1.0 0.0 0.0
0.0 1.0 0.0
0.0 0.0 1.0
0.999756974679 -0.01397858834 -0.0170467195654
0.0152366030615 0.996987497821 0.0760511348814
0.0159322787783 -0.0762923866295 0.996958190816
1.0 0.0 0.0
0.0 1.0 0.0
0.0 0.0 1.0
0.955686314717 0.0342289457267 -0.292390230919
0.294354785382 -0.125785837446 0.947382279453
-0.00435065343129 -0.991466742948 -0.130287257405
0.674131823276 0.0051943036183 -0.738592786355
0.0270020872347 -0.999480139334 0.0176164230629
-0.738117315967 -0.0318193382471 -0.673921625697
0.347615176381 0.0293409649055 -0.937178103099
-0.0976220545671 -0.992945669845 -0.0672965912888
-0.932541486268 0.114882568371 -0.342298658883
0.674131823276 0.0051943036183 -0.738592786355
0.0270020872347 -0.999480139334 0.0176164230629
-0.738117315967 -0.0318193382471 -0.673921625697
0.183194422291 -0.042728133315 -0.982147702876
-0.0960642295473 -0.995051740199 0.0253712066962
-0.978371845181 0.0897013988249 -0.186392573902
0.0153903472665 0.0109563673511 -0.999821531687
-0.0549806406621 -0.998417842657 -0.0117873074673
-0.99836880278 0.0551522391152 -0.0147636092192
-0.946572733876 -0.0452311644048 -0.319302679677
0.0412830313167 -0.998964420563 0.0191258405076
-0.319837100424 0.00492221661241 0.947459762194
0.0153903472665 0.0109563673511 -0.999821531687
-0.0549806406621 -0.998417842657 -0.0117873074673
-0.99836880278 0.0551522391152 -0.0147636092192
-0.984889327642 -0.0236996541674 -0.171555643126
0.0237663141158 -0.99971615381 0.00166557028374
-0.17154642115 -0.00243684290591 0.985173023985
0.0153903472665 0.0109563673511 -0.999821531687
-0.0549806406621 -0.998417842657 -0.0117873074673
-0.99836880278 0.0551522391152 -0.0147636092192
-0.902296300658 -0.051933209362 -0.427977017589
0.0700052055059 -0.99719229595 -0.0265856370959
-0.425394707327 -0.0539487410705 0.903398514674
-0.999721234936 -0.00332390795909 -0.0233752872674
0.00337633279878 -0.999991872147 -0.00220363718447
-0.0233677725899 -0.00228194563654 0.999724331968
-0.999873896895 -0.00224235183404 -0.0157213920245
0.00226611880224 -0.999996316166 -0.00149410840471
-0.0157179837933 -0.00152954653512 0.999875294961
-0.999721234936 -0.00332390795909 -0.0233752872674
0.00337633279878 -0.999991872147 -0.00220363718447
-0.0233677725899 -0.00228194563654 0.999724331968
0.405064060081 -0.11173397428 -0.907435191197
0.0962739766207 -0.981774100357 0.163862556104
-0.909205383099 -0.153737226653 -0.386924329146
-0.999977792569 -0.000944605101405 -0.00659712750256
0.000948806901758 -0.999999349023 -0.000633812916977
-0.00659652450558 -0.000640058241779 0.999978037854
0.405064060081 -0.11173397428 -0.907435191197
0.0962739766207 -0.981774100357 0.163862556104
-0.909205383099 -0.153737226653 -0.386924329146
