1.0 0.0 0.0
0.0 1.0 0.0
0.0 0.0 1.0
0.999986345268 -0.00342869625807 -0.00394376966467
0.0034978620671 0.999837809814 0.0176668906842
0.00388255562195 -0.0176804442098 0.999836150404
1.0 0.0 0.0
0.0 1.0 0.0
0.0 0.0 1.0
0.999690511068 -0.0156786817207 -0.0193147876201
0.0172853624934 0.996141822779 0.0860388583954
0.0178912918701 -0.0863460934264 0.996104539607
1.0 0.0 0.0
0.0 1.0 0.0
0.0 0.0 1.0
0.99872557711 -0.0299692154218 -0.0406087152338
0.0367378021786 0.983382666107 0.177788823863
0.0346057150919 -0.179054120663 0.983230423836
0.988826166151 0.12790264591 -0.0765749717915
0.143895490619 -0.684727302721 0.714452663714
0.0389474121755 -0.717488281491 -0.695480887593
0.990056868266 0.107305953894 -0.0909550980307
0.13989173038 -0.818903688096 0.556621103978
-0.0147547067085 -0.563810413066 -0.825772436418
0.981354503636 0.0550491109846 -0.184154645808
0.107974750399 -0.950533242523 0.291252481767
-0.159011922412 -0.305705986593 -0.938753992424
0.907284444306 0.00608714222611 -0.420473404415
0.0342590839167 -0.997641413952 0.059480453398
-0.419119615731 -0.0683707237549 -0.90535307579
0.981354503636 0.0550491109846 -0.184154645808
0.107974750399 -0.950533242523 0.291252481767
-0.159011922412 -0.305705986593 -0.938753992424
0.559445664849 -0.0622411528238 -0.826526821692
0.0677427292637 -0.990407198879 0.120434642195
-0.826094105241 -0.123367821185 -0.549862628283
0.444291781887 -0.0680710443784 -0.893292306843
0.147320490175 -0.977984049371 0.14779672645
-0.883686305044 -0.197265131466 -0.424482016328
0.116190015083 -0.0731108394325 -0.990532526247
0.224760320992 -0.969481388999 0.0979215731739
-0.967461977807 -0.234009917616 -0.0962116414714
0.0260826345961 -0.0785431757428 -0.996569448517
0.22761970828 -0.970255183822 0.0824266138386
-0.973400721479 -0.228988750402 -0.00742883667466
0.116190015083 -0.0731108394325 -0.990532526247
0.224760320992 -0.969481388999 0.0979215731739
-0.967461977807 -0.234009917616 -0.0962116414714
0.444291781887 -0.0680710443784 -0.893292306843
0.147320490175 -0.977984049371 0.14779672645
-0.883686305044 -0.197265131466 -0.424482016328
0.431188278812 -0.065025213465 -0.899915768185
0.157685964784 -0.976618453834 0.146121634748
-0.888375936597 -0.204910022314 -0.410852866644
-0.98603072017 -0.0248779636061 -0.164695190603
0.0276476601048 -0.999511894317 -0.0145457901029
-0.164252932307 -0.0188960325413 0.986237250454
0.431188278812 -0.065025213465 -0.899915768185
0.157685964784 -0.976618453834 0.146121634748
-0.888375936597 -0.204910022314 -0.410852866644
-0.994565761457 -0.0157882076299 -0.102906164236
0.0168673447444 -0.999811409965 -0.00962482126805
-0.102734798482 -0.0113082714418 0.994644501406
-0.99601787616 -0.0135553629969 -0.0881172088935
0.0143461252418 -0.999862249874 -0.00834685369298
-0.0879919261052 -0.00957775600265 0.996075141508
-0.998364240249 -0.00871443558991 -0.0565057731924
0.00903879173816 -0.999944093919 -0.00548719235129
-0.0564547963917 -0.00598896053878 0.998387193586
-0.999236984736 -0.00593710750203 -0.0386030968991
0.00608797213802 -0.999974279397 -0.00379171978573
-0.0385795921562 -0.00402384122402 0.999247428704
-0.99601787616 -0.0135553629969 -0.0881172088935
0.0143461252418 -0.999862249874 -0.00834685369298
-0.0879919261052 -0.00957775600265 0.996075141508
0.431188278812 -0.065025213465 -0.899915768185
0.157685964784 -0.976618453834 0.146121634748
-0.888375936597 -0.204910022314 -0.410852866644
-0.9999820503 -0.000849482682484 -0.0059310586504
0.000852880012383 -0.999999473678 -0.000570297510296
-0.00593057107141 -0.000575345755055 0.999982248495
0.405064060081 -0.11173397428 -0.907435191197
0.0962739766207 -0.981774100357 0.163862556104
-0.909205383099 -0.153737226653 -0.386924329146
