1.0 0.0 0.0
0.0 1.0 0.0
0.0 0.0 1.0
0.979042828574 0.105169187659 -0.174397768863
0.179169533031 -0.851902677634 0.492097659285
-0.096816415192 -0.51303145109 -0.852892321423
0.143040807172 0.154244994651 -0.977623551838
-0.0296359361981 -0.986670646884 -0.160008580595
-0.989272984959 0.0518605457307 -0.136562970922
0.405064060081 -0.11173397428 -0.907435191197
0.0962739766207 -0.981774100357 0.163862556104
-0.909205383099 -0.153737226653 -0.386924329146
