1.0 0.0 0.0
0.0 1.0 0.0
0.0 0.0 1.0
0.300696009807 -0.0533138318248 0.952228725161
0.230193479765 0.972974387902 -0.0182154428912
-0.925523025948 0.224674154771 0.304842012554
-0.724846828772 -0.218096079862 0.653476223567
0.0999619908954 0.905229549351 0.412997655391
-0.681619157004 0.364682825111 -0.634351449809
0.646688832386 0.433729518978 0.62743307088
0.74892610437 -0.205142915002 -0.630100051276
-0.144579543019 0.877379671973 -0.457494991174
0.394179987605 -0.235720183194 -0.888289441909
-0.893334511827 0.128696451919 -0.430570172263
0.215813779335 0.963261760114 -0.159847408959
-0.471867583545 -0.15422679369 -0.86807550346
-0.00484247593635 -0.984113403142 0.177474956497
-0.881656131395 0.0879483135982 0.463624373937
-0.717714998675 0.20204501307 -0.66638051695
0.403763621731 -0.658930662041 -0.634653701155
-0.56732717055 -0.724560691258 0.391345993004
0.210760794914 -0.0860829863001 -0.973740009857
0.863049274591 0.484158844586 0.144000565405
0.459048839401 -0.870735282781 0.17633556183
-0.942629930276 0.286502227875 -0.171363029766
0.325913380506 0.678572277294 -0.658270562076
-0.0723137812268 -0.676355038357 -0.733017448042
-0.961168532161 0.245511990788 0.126011567577
0.0279454070356 0.540872360757 -0.840640317612
-0.274543451951 -0.804475575607 -0.52673042559
-0.970113031278 0.132727133148 0.203135951203
0.0933578643202 0.976860914314 -0.192424175338
-0.223975480163 -0.167708861457 -0.960056624411
