1.0 0.0 0.0
0.0 1.0 0.0
0.0 0.0 1.0
0.995029597893 -0.0349315585364 0.0932517320713
0.0398849291107 0.997861019285 -0.0517936156396
-0.0912430366982 0.0552555192664 0.994294491509
0.958640062624 -0.283044653546 0.0299157889873
-0.0706375914466 -0.134779501869 0.988354600612
-0.275716450373 -0.949589495506 -0.14919862271
-0.231488664688 -0.322275844294 -0.917905920182
0.972712021749 -0.0918362360305 -0.21306672311
-0.0156307666582 -0.942180654618 0.334740635713
-0.907905503724 -0.31964471146 -0.271173108442
0.330020180847 -0.146212549837 -0.932581669616
0.258445887065 -0.936188628806 0.238236384193
-0.880756892166 0.331305593855 0.338384249607
0.269103916046 -0.237828179475 0.933284972244
0.389679842012 0.913057698357 0.120313175509
