1.0 0.0 0.0
0.0 1.0 0.0
0.0 0.0 1.0
0.999242917875 -0.00563530883468 0.0384946018349
0.00580235533731 0.999974223209 -0.00422913591874
-0.0384697770805 0.00444929347395 0.999249858663
0.996706578663 -0.0111976104146 0.0803156869484
0.0119990208815 0.999882855595 -0.00950255674814
-0.0801998724866 0.0104349704298 0.996724180425
0.608757866187 -0.301357029811 -0.733892227059
0.655619656013 0.711987484428 0.251469061056
0.446740111256 -0.634237938475 0.631003573994
-0.942759005322 0.287443581366 -0.169061070075
0.324358835342 0.672683558019 -0.665047499587
-0.0774390329196 -0.681815970994 -0.727413347333
-0.970113031278 0.132727133148 0.203135951203
0.0933578643202 0.976860914314 -0.192424175338
-0.223975480163 -0.167708861457 -0.960056624411
