1.0 0.0 0.0
0.0 1.0 0.0
0.0 0.0 1.0
0.999242917875 -0.00563530883468 0.0384946018349
0.00580235533731 0.999974223209 -0.00422913591874
-0.0384697770805 0.00444929347395 0.999249858663
0.300696009807 -0.0533138318248 0.952228725161
0.230193479765 0.972974387902 -0.0182154428912
-0.925523025948 0.224674154771 0.304842012554
-0.4609926507 -0.195493098625 0.865602809833
0.190346393154 0.930945429178 0.311622942841
-0.866749113997 0.308420259195 -0.391947594845
-0.640543779222 -0.217987560011 0.736332187658
0.132547161788 0.913087571 0.385619420656
-0.756396005279 0.344604862656 -0.555978931104
-0.221380329808 0.0216552556246 -0.974947075219
0.762443557644 0.627165175998 -0.15919693283
0.608005403743 -0.778585186039 -0.155352943647
-0.929147086986 0.278834651799 -0.24276928904
0.369222792844 0.666126944212 -0.648035048002
-0.0189794623065 -0.691755832033 -0.721882018656
-0.942759005322 0.287443581366 -0.169061070075
0.324358835342 0.672683558019 -0.665047499587
-0.0774390329196 -0.681815970994 -0.727413347333
-0.970113031278 0.132727133148 0.203135951203
0.0933578643202 0.976860914314 -0.192424175338
-0.223975480163 -0.167708861457 -0.960056624411
